2.045000 0.706000 -0.403000 
2.140000 0.705000 -0.455000 
2.151000 0.779000 -0.538000 
2.152000 0.610000 -0.503000 
2.254000 0.729000 -0.356000 
2.340000 0.644000 -0.342000 
2.249000 0.846000 -0.292000 
2.175000 0.918000 -0.324000 
2.347000 0.875000 -0.186000 
2.363000 0.779000 -0.144000 
2.466000 0.951000 -0.247000 
2.503000 0.883000 -0.328000 
2.432000 1.043000 -0.288000 
2.552000 0.965000 -0.179000 
2.291000 0.971000 -0.079000 
2.176000 1.021000 -0.090000 
2.364000 0.995000 0.036000 
2.448000 0.947000 0.057000 
2.315000 1.072000 0.149000 
2.236000 1.024000 0.204000 
2.392000 1.079000 0.220000 
2.290000 1.173000 0.112000 
