-4.769000 5.136000 9.765000 
-4.848000 5.191000 9.715000 
-4.850000 5.160000 9.610001 
-4.842000 5.299000 9.721001 
-4.973000 5.148000 9.792001 
-4.973000 5.052000 9.868000 
-5.077000 5.228000 9.782001 
-5.065000 5.317000 9.734000 
-5.202000 5.219000 9.854000 
-5.179000 5.188000 9.956000 
-5.255000 5.360000 9.865001 
-5.178000 5.433000 9.889001 
-5.292000 5.381000 9.764001 
-5.338000 5.357000 9.936001 
-5.299000 5.117000 9.790001 
-5.337000 5.128000 9.672001 
-5.329000 5.001000 9.859000 
-5.304000 5.007000 9.956000 
-5.412000 4.886000 9.831000 
-5.417000 4.822000 9.919001 
-5.515000 4.913000 9.810000 
-5.379000 4.836000 9.740001 
